<?xml version="1.0"?>
<opencv_storage>
<calibration_Time>"Fri Apr  3 08:38:43 2015"</calibration_Time>
<nrOfFrames>25</nrOfFrames>
<image_Width>640</image_Width>
<image_Height>480</image_Height>
<board_Width>9</board_Width>
<board_Height>6</board_Height>
<square_Size>50.</square_Size>
<FixAspectRatio>1.</FixAspectRatio>
<!-- flags:  +fix_aspectRatio +fix_principal_point +zero_tangent_dist -->
<flagValue>14</flagValue>
<Camera_Matrix type_id="opencv-matrix">
  <rows>3</rows>
  <cols>3</cols>
  <dt>d</dt>
  <data>
    6.0424750794395572e+02 0. 3.1950000000000000e+02 0.
    6.0424750794395572e+02 2.3950000000000000e+02 0. 0. 1.</data></Camera_Matrix>
<Distortion_Coefficients type_id="opencv-matrix">
  <rows>5</rows>
  <cols>1</cols>
  <dt>d</dt>
  <data>
    1.2344989805364227e-02 -3.4524793325541392e-01 0. 0.
    1.5827904907166065e-01</data></Distortion_Coefficients>
<Avg_Reprojection_Error>8.2151447965098889e-01</Avg_Reprojection_Error>
<Per_View_Reprojection_Errors type_id="opencv-matrix">
  <rows>25</rows>
  <cols>1</cols>
  <dt>f</dt>
  <data>
    3.92315120e-01 4.07292992e-01 4.09216791e-01 7.39735007e-01
    2.03597832e+00 8.05580795e-01 7.01278687e-01 8.23843896e-01
    8.88989985e-01 9.52063203e-01 9.19769883e-01 7.61159539e-01
    7.82899737e-01 7.79102385e-01 7.46463835e-01 6.60094380e-01
    6.35095179e-01 8.12682390e-01 7.85726786e-01 6.35950446e-01
    5.82803786e-01 7.07733512e-01 5.04889548e-01 9.30348158e-01
    7.01047599e-01</data></Per_View_Reprojection_Errors>
<!-- a set of 6-tuples (rotation vector + translation vector) for each view -->
<Extrinsic_Parameters type_id="opencv-matrix">
  <rows>25</rows>
  <cols>6</cols>
  <dt>d</dt>
  <data>
    1.5929845267000653e-01 6.7828743973378583e-02
    -3.0757114776994445e+00 1.6893056719719499e+02
    2.2629895965631414e+02 8.4790248721153273e+02 1.6748376079918237e-01
    1.5245230504787677e-01 -3.0994386910499325e+00
    1.6037870115391368e+02 2.1960478742834565e+02 8.6652803829272818e+02
    1.7015008651608274e-01 1.5421899737153560e-01
    -3.1010100401272038e+00 1.6040269520922544e+02
    2.1858047939280866e+02 8.7676610005633120e+02
    -3.2944333394909786e-01 -1.6949814561652576e-02
    3.0949445797162762e+00 1.6896149718435683e+02 8.8014923237292052e+01
    6.0706285043978050e+02 4.3290886668298323e-01 2.6319821408659066e-01
    -3.0873132906423870e+00 1.5067381109997086e+02
    8.6562883403700951e+01 6.3884300426082234e+02
    -8.3292863407924222e-01 -2.2368636325202915e-01
    2.9849458099765931e+00 1.4364908499393778e+02 6.2643064567378630e+01
    7.8483170657528683e+02 -7.7360178620726094e-01
    -2.0752457564561347e-01 3.0237980442495358e+00
    1.5657591778377252e+02 8.1302102067546855e+01 7.8762127844344241e+02
    -8.4106642026614420e-01 1.6964526445246378e-01
    -2.9962463562230277e+00 1.6936054992269419e+02
    1.0578997468604878e+02 6.5465812522509577e+02
    -8.9310879051250958e-01 2.4415913752154580e-01
    -2.9977810662074065e+00 1.6372458156859199e+02
    1.2736630625723339e+02 6.5300315513118392e+02
    -1.6576470240022254e-01 -7.8477078481546769e-01
    2.8512614518384023e+00 1.4932491164832655e+02 8.2774270404129396e+01
    7.2905270227673202e+02 -1.8148565165461653e-01
    -7.8264929279191187e-01 2.8480548468930920e+00
    1.4556753202378829e+02 8.4157236906976067e+01 7.2919593736096999e+02
    7.8860123447003050e-02 5.6199849233342691e-01
    -2.8126391112822637e+00 1.0302851645918204e+02
    1.6731789159209410e+02 7.2114745034187797e+02 6.7639843736370234e-02
    5.7164002637907596e-01 -2.8135473785936456e+00
    1.0291295817442524e+02 1.6839882441001038e+02 7.2062195291842295e+02
    7.9677121191103970e-02 5.7455912710868806e-01
    -2.8057353870767976e+00 1.0970550960700700e+02
    1.7027282729398328e+02 7.1992782684953079e+02
    -5.9632109444052839e-01 -6.7707567778136035e-01
    -2.9116930547711850e+00 2.4436428284200866e+02
    1.9286892172409426e+02 5.5565899625478858e+02
    -5.6518297375897097e-01 -6.5641047100539551e-01
    -2.9363912330223330e+00 2.6728598154458189e+02
    1.6598872290955492e+02 5.7368233663897286e+02
    -5.8643296884522655e-01 -6.3913799139420968e-01
    -2.9394610468842801e+00 2.6746865906477655e+02
    1.6496512373110406e+02 5.8060106887369773e+02
    -6.9008667119044376e-01 6.2568623887488850e-01
    2.9701258716296066e+00 1.7158652443648936e+02 1.7765213040489994e+02
    6.8704403668998759e+02 -6.8162490315431834e-01
    6.1616551371723305e-01 2.9710969914222916e+00 1.7592064798928638e+02
    1.7389352527666992e+02 7.0137783338231338e+02 1.8547284317754620e-01
    -1.8061992285774922e-01 -3.1276266012730884e+00
    1.0761965800701893e+02 1.2046145271723468e+02 6.1709695028546139e+02
    -1.1074851813250569e-01 1.3786526404640206e-01
    3.1320831955408015e+00 1.7038275116188396e+02 1.2130793888150414e+02
    6.3030197242374345e+02 -2.6050205225303219e-01
    -1.0194434628845928e-01 3.0977364158939715e+00
    1.2514553965057047e+02 7.0191959229565157e+01 7.5418664797294753e+02
    -6.5819136500688769e-02 -4.5456745716631997e-01
    2.9969533558322463e+00 7.4525551544756283e+01
    -1.3851616713985683e+01 8.5482471859561701e+02
    1.2876291160550758e-02 -3.2585528200462072e-01
    3.0874841990614934e+00 1.7450321181622144e+02 1.5135067713079360e+01
    7.0064079905652193e+02 4.0320810447325217e-02
    -1.3849958904109425e-01 3.1139735252683591e+00
    1.5131793783159281e+02 7.4220821035525816e+01 6.7022527201124853e+02</data></Extrinsic_Parameters>
