http://www.ce.rit.edu/~cockburn/courses/cvf05/Hw3.pdf
http://www.csse.uwa.edu.au/~pk/research/matlabfns/Projective/fundmatrix.m


V =        -0.4104    0.9060   -0.1035    0.0000   -0.0000   -0.0000   -0.0000   -0.0000   -0.0000
   	   -0.0843   -0.1134   -0.6582   -0.2968    0.1320   -0.3865   -0.0126   -0.1384   -0.5221
	   -0.1593   -0.1280   -0.4889    0.1225    0.0894    0.0683    0.0925    0.7365    0.3749
	   -0.2342   -0.1426   -0.3196   -0.3018   -0.2137    0.2535    0.2116   -0.5357    0.5384
	   -0.3091   -0.1572   -0.1503    0.3943   -0.4756    0.5155   -0.0965   -0.0097   -0.4475
	   -0.3840   -0.1718    0.0189    0.4390    0.7368    0.0813   -0.0210   -0.2815    0.0272
	   -0.4589   -0.1864    0.1882    0.2637   -0.3805   -0.6932    0.0407   -0.0210    0.1490
	   -0.5338   -0.2010    0.3575   -0.6209    0.1116    0.1611   -0.2147    0.2497   -0.1199
	   -0.0749   -0.0146    0.1693   -0.0509    0.0505    0.0525    0.9429    0.0966   -0.2436

F=	   -0.0000   -0.5221    0.3749
	    0.5384   -0.4475    0.0272
	    0.1490   -0.1199   -0.2436

A =	     1     2     3     4     5     6     7     8     1
	     9     1     2     3     4     5     6     7     1
	     8     1     2     3     4     5     6     7     1
	     7     1     2     3     4     5     6     7     1
	     6     1     2     3     4     5     6     7     1
	     5 	   1     2     3     4     5     6     7     1
	     4     1     2     3     4     5     6     7     1
	     3     1     2     3     4     5     6     7     1
	     
	     
	     
[0.41042066, 0.08434961, 0.15926594, 0.23418228, 0.3090986, 0.3840149, 0.45893124, 0.53384757, 0.074916333;
  0.90600133, -0.1134167, -0.12801138, -0.14260602, -0.15720075, -0.17179538, -0.18639006, -0.20098469, -0.014594675;
  -0.10352041, -0.6581974, -0.48891258, -0.31962803, -0.15034334, 0.018941419, 0.18822555, 0.35751086, 0.1692846;
  -1.2847596e-08, 0.16884013, 0.086672775, 0.10331006, -0.099890821, -0.70826924, -0.18693767, 0.63627505, -0.043505434;
  -1.7658268e-08, -0.013585278, 0.14328323, -0.14868475, 0.13943136, -0.52381516, 0.73163921, -0.32826903, 0.14247195;
  -5.2650719e-09, -0.0026858721, 0.40019071, -0.1237398, -0.79520935, 0.16893354, 0.26513475, 0.087376215, -0.2927475;
  -3.6922426e-08, -0.20779471, 0.59709138, -0.64465421, 0.33645827, 0.044393353, -0.23775494, 0.11226091, 0.020476751;
  2.1393134e-08, 0.67329562, -0.28598094, -0.53553611, -0.13842697, 0.12611258, 0.054184161, 0.10635169, 0.35885358]
  
[2.1393134e-08, 0.67329562, -0.28598094;
  -0.53553611, -0.13842697, 0.12611258;
  0.054184161, 0.10635169, 0.35885358]
  
  
  [0.75282848;
  0.65821671;
  1.0757984e-05]